1
IconsSmall0.tex
64 64
42
145 71 33 44 16 12 0 frame0
180 40 33 43 16 13 0 frame1
294 79 40 29 12 19 0 frame2
373 41 36 30 14 18 0 frame3
292 0 42 29 10 19 0 frame4
411 35 29 30 18 18 0 frame5
336 99 35 27 16 19 0 frame6
396 0 32 33 16 17 0 frame7
102 113 20 14 23 25 0 frame8
294 110 20 14 23 27 0 frame9
396 98 22 22 22 23 0 frame10
336 0 22 23 22 22 0 frame11
430 0 31 22 17 22 0 frame12
415 67 21 22 22 23 0 frame13
47 41 42 37 12 14 0 frame14
91 35 39 38 12 14 0 frame15
180 85 38 37 12 14 0 frame16
0 41 45 37 12 14 0 frame17
58 80 42 36 12 14 0 frame18
255 0 35 36 15 15 0 frame19
257 79 35 36 15 15 0 frame20
291 40 35 36 15 15 0 frame21
254 40 35 37 15 15 0 frame22
132 35 43 34 9 17 0 frame23
102 75 41 36 11 16 0 frame24
0 80 56 28 4 18 0 frame25
177 0 38 38 13 14 0 frame26
217 0 36 38 14 16 0 frame27
215 40 37 37 13 15 0 frame28
220 120 37 7 13 30 0 frame29
336 65 35 32 15 17 0 frame30
45 0 42 39 11 14 0 frame31
0 0 43 39 11 14 0 frame32
137 0 36 32 15 17 0 frame33
328 31 36 32 15 17 0 frame34
373 73 40 23 12 21 0 frame35
420 91 13 20 26 24 0 frame36
435 91 13 20 26 24 0 frame37
366 0 28 39 19 14 0 frame38
373 98 21 24 21 21 0 frame39
89 0 46 33 9 17 0 frame40
220 79 35 39 15 12 0 frame41
