1
TankLevelsNew0.tex
38 32
30
630 0 17 29 0 2 0 frame0
558 0 22 29 0 2 0 frame1
395 0 27 29 0 2 0 frame2
277 0 28 29 0 2 0 frame3
475 0 23 29 0 2 0 frame4
307 0 28 29 1 2 0 frame5
116 0 33 29 1 2 0 frame6
77 0 37 29 1 2 0 frame7
337 0 28 29 0 2 0 frame8
500 0 23 29 0 2 0 frame9
793 0 9 21 5 6 0 frame10
777 0 14 21 4 6 0 frame11
718 0 19 21 5 6 0 frame12
649 0 21 21 4 6 0 frame13
739 0 17 21 3 6 0 frame14
672 0 21 21 4 6 0 frame15
602 0 26 21 4 6 0 frame16
525 0 31 21 4 6 0 frame17
695 0 21 21 4 6 0 frame18
758 0 17 21 4 6 0 frame19
582 0 18 31 1 1 0 frame20
450 0 23 31 0 1 0 frame21
215 0 29 32 0 0 0 frame22
246 0 29 31 0 1 0 frame23
424 0 24 31 0 1 0 frame24
151 0 30 31 0 1 0 frame25
40 0 35 31 0 1 0 frame26
0 0 38 32 0 0 0 frame27
183 0 30 31 0 1 0 frame28
367 0 26 31 0 1 0 frame29
