1
silver_number0.tex
19 21
21
0 0 13 21 3 0 0 frame0
145 18 6 14 6 4 0 frame1
116 0 9 14 5 4 0 frame2
132 17 10 15 5 3 0 frame3
132 0 11 15 4 3 0 frame4
169 0 10 15 5 4 0 frame5
169 17 10 15 4 3 0 frame6
181 0 10 15 5 4 0 frame7
145 0 10 16 5 3 0 frame8
157 0 10 16 5 3 0 frame9
15 16 18 14 0 4 0 frame10
115 16 15 14 1 4 0 frame11
35 16 18 14 0 4 0 frame12
36 0 18 14 1 4 0 frame13
55 16 18 14 0 4 0 frame14
56 0 18 14 0 4 0 frame15
75 16 18 14 0 4 0 frame16
76 0 18 14 0 4 0 frame17
95 16 18 14 1 4 0 frame18
96 0 18 14 0 4 0 frame19
15 0 19 14 0 4 0 frame20
