1
texture0.tex
17 12
20
809 222 4 10 6 1 0 frame0
1644 201 4 10 6 1 0 frame1
1572 326 7 10 5 1 0 frame2
1816 220 7 10 5 1 0 frame3
955 191 10 10 4 1 0 frame4
967 191 10 10 4 1 0 frame5
917 191 11 10 3 1 0 frame6
930 191 11 10 3 1 0 frame7
1755 360 8 10 4 1 0 frame8
1540 359 8 10 4 1 0 frame9
678 295 12 10 3 1 0 frame10
767 222 12 10 3 1 0 frame11
1387 413 15 10 1 1 0 frame12
750 222 15 10 1 1 0 frame13
1497 395 17 10 0 1 0 frame14
1405 333 17 10 0 1 0 frame15
781 222 12 10 1 1 0 frame16
795 222 12 10 1 1 0 frame17
1913 337 9 10 4 1 0 frame18
1521 337 9 10 4 1 0 frame19
