1
texture0.tex
47 47
29
1727 322 36 36 7 5 0 frame0
1835 0 25 27 12 10 0 frame1
2024 0 24 27 11 10 0 frame2
1699 358 26 27 12 10 0 frame3
1383 464 29 30 10 8 0 frame4
1670 386 26 27 12 10 0 frame5
1727 360 26 27 11 10 0 frame6
1530 253 27 29 11 9 0 frame7
1559 264 27 29 11 9 0 frame8
1650 171 40 40 4 3 0 frame9
1699 387 26 27 11 10 0 frame10
1383 425 29 30 10 8 0 frame11
1839 427 25 27 11 10 0 frame12
1755 373 26 27 11 10 0 frame13
1387 381 29 30 10 9 0 frame14
1727 389 26 27 12 10 0 frame15
1311 0 30 23 7 12 0 frame16
1467 284 27 29 11 9 0 frame17
1496 284 27 29 11 9 0 frame18
1525 284 27 29 11 9 0 frame19
1588 293 27 29 11 9 0 frame20
1554 295 27 29 11 9 0 frame21
1617 293 27 29 11 9 0 frame22
1395 348 29 30 10 9 0 frame23
1405 301 29 30 10 9 0 frame24
1414 458 29 30 10 9 0 frame25
1414 416 29 30 10 9 0 frame26
1418 381 29 30 10 9 0 frame27
1426 333 29 30 10 9 0 frame28
