1
texture0.tex
47 47
29
1771 297 36 36 7 5 0 frame0
1641 351 27 26 11 10 0 frame1
1583 324 27 27 11 10 0 frame2
1612 352 27 26 11 10 0 frame3
1895 426 29 30 10 8 0 frame4
1670 358 27 26 11 10 0 frame5
1641 379 27 26 11 10 0 frame6
2021 484 27 28 11 10 0 frame7
1442 253 28 29 11 10 0 frame8
1400 259 40 40 4 3 0 frame9
1783 399 26 26 11 10 0 frame10
1436 301 29 29 10 9 0 frame11
1755 402 26 26 10 10 0 frame12
1811 416 26 26 11 10 0 frame13
1958 401 30 29 9 9 0 frame14
1783 427 26 26 11 10 0 frame15
1286 271 30 23 7 12 0 frame16
2021 339 27 29 11 9 0 frame17
2021 54 27 29 11 9 0 frame18
2021 422 27 29 11 9 0 frame19
2021 453 27 29 11 9 0 frame20
1472 253 27 29 11 9 0 frame21
1501 253 27 29 11 9 0 frame22
1990 422 29 30 10 9 0 frame23
1926 432 29 30 10 9 0 frame24
1957 432 29 30 10 9 0 frame25
1990 454 29 30 10 9 0 frame26
1352 464 29 30 10 9 0 frame27
1352 425 29 30 10 9 0 frame28
