1
FilterIcons0.tex
180 180
20
761 50 18 48 84 71 0 frame0
751 0 31 48 77 71 0 frame1
679 50 43 48 71 71 0 frame2
630 50 47 48 68 71 0 frame3
724 50 35 48 75 71 0 frame4
664 0 46 48 69 71 0 frame5
568 61 60 48 62 71 0 frame6
494 72 72 48 56 71 0 frame7
613 0 49 48 67 71 0 frame8
712 0 37 48 73 71 0 frame9
494 0 56 70 63 59 0 frame10
428 0 64 80 59 55 0 frame11
354 0 72 90 55 49 0 frame12
552 0 59 59 63 66 0 frame13
282 0 70 98 57 45 0 frame14
428 82 45 39 44 68 0 frame15
198 0 82 84 51 53 0 frame16
0 0 97 79 45 51 0 frame17
99 0 97 79 48 51 0 frame18
0 81 88 41 56 70 0 frame19
