1
SidebarIcons0.tex
128 128
19
1311 0 82 66 23 31 0 frame0
1395 64 74 60 27 34 0 frame1
324 0 94 90 17 19 0 frame2
1543 0 56 78 36 28 0 frame3
1395 0 82 62 23 33 0 frame4
708 0 87 90 20 19 0 frame5
1243 0 66 94 31 17 0 frame6
897 0 86 86 21 21 0 frame7
985 0 88 82 20 23 0 frame8
797 0 98 78 15 25 0 frame9
1479 0 62 82 33 23 0 frame10
227 0 95 95 15 16 0 frame11
1075 0 82 82 23 23 0 frame12
0 0 126 86 1 19 0 frame13
420 0 88 92 20 20 0 frame14
510 0 102 78 13 27 0 frame15
128 0 97 104 15 12 0 frame16
614 0 92 86 18 21 0 frame17
1159 0 82 82 23 23 0 frame18
