1
IconsSmall0.tex
128 128
42
970 0 64 86 32 24 0 frame0
1036 0 64 86 32 24 0 frame1
1621 65 80 58 24 37 0 frame2
1703 66 73 60 26 36 0 frame3
882 69 84 58 20 37 0 frame4
1778 65 60 60 34 36 0 frame5
719 74 72 54 30 37 0 frame6
1911 0 64 64 32 34 0 frame7
355 74 40 29 44 50 0 frame8
397 74 40 29 44 53 0 frame9
1169 78 47 47 41 42 0 frame10
637 77 46 46 41 43 0 frame11
1102 76 65 45 31 44 0 frame12
582 80 43 43 43 46 0 frame13
267 0 86 74 21 28 0 frame14
637 0 80 75 21 28 0 frame15
802 0 78 74 21 28 0 frame16
0 0 91 74 21 28 0 frame17
355 0 87 72 21 28 0 frame18
1399 0 72 72 28 30 0 frame19
1473 0 72 72 28 30 0 frame20
1547 0 72 72 28 30 0 frame21
1324 0 73 73 27 29 0 frame22
882 0 86 67 18 33 0 frame23
719 0 81 72 23 30 0 frame24
444 0 111 55 9 38 0 frame25
557 0 78 78 25 27 0 frame26
1178 0 72 76 28 32 0 frame27
1102 0 74 74 27 29 0 frame28
267 76 74 14 27 59 0 frame29
1621 0 74 63 27 33 0 frame30
181 0 84 78 21 28 0 frame31
93 0 86 77 21 28 0 frame32
1703 0 72 64 29 34 0 frame33
1777 0 72 63 29 35 0 frame34
793 76 81 46 23 43 0 frame35
1218 78 29 40 50 46 0 frame36
685 77 29 40 49 46 0 frame37
1851 0 58 77 35 28 0 frame38
538 80 42 48 43 41 0 frame39
444 57 92 66 19 34 0 frame40
1252 0 70 77 29 25 0 frame41
