1
TankLevelsNew0.tex
76 64
30
1134 0 34 57 0 4 0 frame0
898 0 44 57 0 4 0 frame1
461 0 54 57 0 4 0 frame2
287 0 56 57 0 4 0 frame3
802 0 46 57 0 4 0 frame4
345 0 56 57 1 4 0 frame5
153 0 66 57 1 4 0 frame6
0 0 75 57 1 4 0 frame7
403 0 56 57 0 4 0 frame8
850 0 46 57 0 4 0 frame9
1482 0 20 43 9 11 0 frame10
1450 0 30 43 7 11 0 frame11
1337 0 40 43 9 11 0 frame12
1215 0 42 43 7 11 0 frame13
1415 0 33 43 6 11 0 frame14
1259 0 42 43 8 11 0 frame15
1080 0 52 43 8 11 0 frame16
738 0 62 43 8 11 0 frame17
1170 0 43 43 7 11 0 frame18
1379 0 34 43 8 11 0 frame19
1303 0 32 55 3 5 0 frame20
1036 0 42 55 1 5 0 frame21
684 0 52 55 3 5 0 frame22
629 0 53 55 1 5 0 frame23
944 0 44 55 0 5 0 frame24
517 0 54 55 2 5 0 frame25
221 0 64 55 2 5 0 frame26
77 0 74 55 2 5 0 frame27
573 0 54 55 1 5 0 frame28
990 0 44 55 3 5 0 frame29
