1
medal_blue0.tex
70 70
21
0 0 60 60 6 2 0 frame0
146 0 6 14 31 25 0 frame1
123 0 9 14 31 25 0 frame2
127 34 10 15 31 25 0 frame3
102 48 11 15 30 25 0 frame4
134 0 10 15 31 25 0 frame5
134 17 10 15 31 25 0 frame6
139 34 10 15 31 25 0 frame7
115 48 10 16 31 25 0 frame8
122 16 10 16 31 25 0 frame9
62 16 18 14 26 25 0 frame10
102 32 15 14 27 25 0 frame11
62 32 18 14 26 25 0 frame12
62 48 18 14 26 25 0 frame13
82 16 18 14 26 25 0 frame14
83 0 18 14 26 25 0 frame15
82 32 18 14 26 25 0 frame16
82 48 18 14 26 25 0 frame17
102 16 18 14 26 25 0 frame18
103 0 18 14 26 25 0 frame19
62 0 19 14 26 25 0 frame20
