1
medal_green0.tex
70 70
21
0 0 59 60 6 2 0 frame0
145 0 6 14 31 25 0 frame1
122 0 9 14 31 25 0 frame2
133 0 10 15 31 25 0 frame3
101 48 11 15 29 25 0 frame4
133 17 10 15 31 25 0 frame5
114 48 10 16 30 25 0 frame6
138 34 10 15 31 25 0 frame7
121 16 10 16 31 25 0 frame8
126 34 10 16 31 25 0 frame9
61 16 18 14 26 25 0 frame10
101 32 15 14 27 25 0 frame11
61 32 18 14 26 25 0 frame12
61 48 18 14 26 25 0 frame13
81 16 18 14 26 25 0 frame14
82 0 18 14 26 25 0 frame15
81 32 18 14 26 25 0 frame16
81 48 18 14 26 25 0 frame17
101 16 18 14 26 25 0 frame18
102 0 18 14 26 25 0 frame19
61 0 19 14 26 25 0 frame20
