1
medal0.tex
70 70
21
0 0 70 70 0 0 0 frame0
48 72 6 14 31 25 0 frame1
113 0 9 14 31 25 0 frame2
12 72 10 15 30 25 0 frame3
112 32 11 15 29 24 0 frame4
24 72 10 15 30 25 0 frame5
112 49 10 16 30 24 0 frame6
36 72 10 15 30 25 0 frame7
112 67 10 16 30 24 0 frame8
0 72 10 16 30 24 0 frame9
93 0 18 14 26 25 0 frame10
112 16 15 14 26 25 0 frame11
72 16 18 14 26 25 0 frame12
92 16 18 14 26 25 0 frame13
72 32 18 14 26 25 0 frame14
92 32 18 14 26 25 0 frame15
72 48 18 14 26 25 0 frame16
92 48 18 14 26 25 0 frame17
72 64 18 14 26 25 0 frame18
92 64 18 14 26 25 0 frame19
72 0 19 14 26 25 0 frame20
