1
golden_number0.tex
38 42
21
0 0 26 42 6 0 0 frame0
248 0 12 28 11 6 0 frame1
306 31 18 28 10 6 0 frame2
285 0 19 29 10 6 0 frame3
217 30 22 29 8 5 0 frame4
306 0 19 29 10 7 0 frame5
241 30 20 30 10 6 0 frame6
284 32 20 28 10 7 0 frame7
263 32 19 30 10 5 0 frame8
263 0 20 30 10 5 0 frame9
143 0 35 28 1 6 0 frame10
217 0 29 28 3 6 0 frame11
180 0 35 28 0 6 0 frame12
28 30 36 28 1 6 0 frame13
66 30 36 28 0 6 0 frame14
67 0 36 28 0 6 0 frame15
104 30 36 28 0 6 0 frame16
105 0 36 28 0 6 0 frame17
142 30 36 28 1 6 0 frame18
180 30 35 28 1 6 0 frame19
28 0 37 28 1 6 0 frame20
