1
silver_number0.tex
38 42
21
0 0 26 42 5 0 0 frame0
313 30 12 28 10 6 0 frame1
313 0 18 28 9 6 0 frame2
271 0 19 29 9 6 0 frame3
248 0 21 29 7 5 0 frame4
292 32 19 29 9 6 0 frame5
292 0 19 30 9 5 0 frame6
218 0 20 28 10 7 0 frame7
248 31 20 30 10 5 0 frame8
270 31 20 30 10 5 0 frame9
144 0 35 28 1 6 0 frame10
217 30 29 28 2 6 0 frame11
180 30 35 28 0 5 0 frame12
28 30 36 28 0 6 0 frame13
66 30 36 28 0 6 0 frame14
68 0 36 28 0 6 0 frame15
104 30 36 28 0 6 0 frame16
106 0 36 28 0 6 0 frame17
142 30 36 28 0 6 0 frame18
181 0 35 28 0 5 0 frame19
28 0 38 28 0 5 0 frame20
