1
FilterIcons0.tex
90 90
20
392 26 9 24 42 36 0 frame0
386 0 15 24 39 36 0 frame1
350 26 21 24 36 36 0 frame2
315 0 24 24 34 36 0 frame3
373 26 17 24 38 36 0 frame4
341 0 23 24 35 36 0 frame5
292 32 30 24 31 36 0 frame6
254 37 36 24 28 36 0 frame7
324 26 24 24 34 36 0 frame8
366 0 18 24 37 36 0 frame9
254 0 28 35 32 30 0 frame10
220 0 32 40 30 28 0 frame11
182 0 36 45 28 25 0 frame12
284 0 29 30 32 33 0 frame13
102 0 35 49 29 23 0 frame14
220 42 25 20 20 33 0 frame15
139 0 41 41 26 27 0 frame16
0 0 49 40 23 24 0 frame17
51 0 49 40 23 25 0 frame18
0 42 43 19 29 34 0 frame19
