1
SidebarIcons0.tex
64 64
19
670 0 40 32 12 16 0 frame0
776 0 36 29 14 18 0 frame1
219 0 46 44 9 10 0 frame2
712 0 30 41 17 13 0 frame3
670 34 40 30 12 17 0 frame4
267 0 44 45 10 9 0 frame5
636 0 32 46 16 9 0 frame6
463 0 42 43 11 11 0 frame7
507 0 43 40 11 12 0 frame8
413 0 48 38 8 13 0 frame9
744 0 30 40 17 12 0 frame10
171 0 46 46 8 9 0 frame11
552 0 40 40 12 12 0 frame12
57 0 64 44 0 11 0 frame13
123 0 46 48 9 9 0 frame14
361 0 50 38 7 14 0 frame15
0 0 55 59 4 3 0 frame16
313 0 46 43 9 11 0 frame17
594 0 40 40 12 12 0 frame18
