1
medal0.tex
140 140
21
0 0 140 140 0 0 0 frame0
207 153 12 28 61 50 0 frame1
234 123 18 28 61 50 0 frame2
186 152 19 29 61 50 0 frame3
210 90 22 30 58 49 0 frame4
186 120 20 30 60 50 0 frame5
234 90 20 31 60 49 0 frame6
210 122 20 29 61 50 0 frame7
142 120 20 31 61 49 0 frame8
164 120 20 31 61 49 0 frame9
180 60 35 28 52 50 0 frame10
179 90 29 28 53 50 0 frame11
217 60 35 28 51 50 0 frame12
182 0 36 28 51 50 0 frame13
220 0 36 28 51 50 0 frame14
142 30 36 28 51 50 0 frame15
180 30 36 28 51 50 0 frame16
218 30 36 28 51 50 0 frame17
142 60 36 28 51 50 0 frame18
142 90 35 28 52 50 0 frame19
142 0 38 28 51 50 0 frame20
