1
medal_blue0.tex
140 140
21
0 0 119 120 11 4 0 frame0
217 60 12 28 62 50 0 frame1
197 60 18 28 61 50 0 frame2
278 0 19 29 61 50 0 frame3
233 60 22 30 58 49 0 frame4
256 0 20 30 61 50 0 frame5
233 92 20 31 60 49 0 frame6
257 32 20 29 61 50 0 frame7
255 92 20 31 61 49 0 frame8
234 0 20 31 61 49 0 frame9
159 90 35 28 52 50 0 frame10
199 0 29 28 54 50 0 frame11
196 90 35 28 51 50 0 frame12
121 30 36 28 52 50 0 frame13
121 60 36 28 51 50 0 frame14
121 90 36 28 52 50 0 frame15
159 30 36 28 52 50 0 frame16
161 0 36 28 52 50 0 frame17
159 60 36 28 52 50 0 frame18
197 30 35 28 52 50 0 frame19
121 0 38 28 52 50 0 frame20
