1
texture0.tex
106 106
16
1154 157 39 53 35 28 0 frame0
1329 214 20 33 45 38 0 frame1
1155 212 39 53 34 27 0 frame2
1917 1764 20 33 44 37 0 frame3
1216 786 42 53 34 27 0 frame4
1892 984 23 33 44 37 0 frame5
1154 47 41 53 32 27 0 frame6
2024 1306 23 35 41 36 0 frame7
1154 102 41 53 34 27 0 frame8
1045 1477 22 33 44 37 0 frame9
2004 1692 43 53 32 26 0 frame10
1859 1764 26 33 41 36 0 frame11
1745 390 88 91 9 10 0 frame12
1843 1493 68 72 19 20 0 frame13
1566 516 94 94 6 6 0 frame14
1089 432 76 76 15 15 0 frame15
