1
texture0.tex
34 24
20
1997 1467 8 21 13 2 0 frame0
1056 1259 8 21 13 2 0 frame1
1901 505 14 21 10 2 0 frame2
1901 528 14 21 10 2 0 frame3
1344 516 20 21 7 2 0 frame4
1201 288 20 21 7 2 0 frame5
825 262 21 21 7 2 0 frame6
848 262 21 21 7 2 0 frame7
1781 1777 16 21 9 2 0 frame8
917 262 16 21 9 2 0 frame9
871 262 21 21 6 2 0 frame10
894 262 21 21 6 2 0 frame11
2019 1063 27 21 3 2 0 frame12
1565 390 27 21 3 2 0 frame13
502 2021 33 21 0 2 0 frame14
1026 786 33 21 0 2 0 frame15
1594 390 22 21 7 2 0 frame16
1618 390 22 21 7 2 0 frame17
1366 616 17 21 8 2 0 frame18
1201 311 17 21 8 2 0 frame19
