1
texture0.tex
94 94
29
1512 1559 72 72 14 10 0 frame0
1069 1562 49 52 25 21 0 frame1
2000 1752 48 54 22 20 0 frame2
1997 1411 51 54 24 20 0 frame3
1823 1702 57 59 21 17 0 frame4
1101 53 51 53 24 20 0 frame5
1101 108 51 53 22 20 0 frame6
827 59 53 57 22 19 0 frame7
827 118 53 57 22 19 0 frame8
1835 345 80 80 8 6 0 frame9
964 1562 51 53 22 20 0 frame10
1882 1703 57 59 20 16 0 frame11
1017 1562 50 52 22 21 0 frame12
964 1617 51 53 22 20 0 frame13
1941 1752 57 59 20 18 0 frame14
1385 662 50 53 22 20 0 frame15
1103 0 59 45 14 25 0 frame16
880 177 53 57 22 19 0 frame17
882 0 53 57 22 19 0 frame18
882 59 53 57 22 19 0 frame19
882 118 53 57 22 19 0 frame20
935 177 53 57 22 19 0 frame21
937 0 53 57 22 19 0 frame22
905 1763 57 59 20 18 0 frame23
905 1682 57 59 20 18 0 frame24
905 1562 57 59 20 18 0 frame25
713 0 57 59 20 18 0 frame26
713 61 57 59 20 18 0 frame27
713 122 57 59 20 18 0 frame28
