1
texture0.tex
94 94
29
1438 1549 72 72 14 10 0 frame0
993 56 52 52 23 20 0 frame1
1045 227 54 53 22 20 0 frame2
993 110 52 52 23 20 0 frame3
1944 1692 58 58 20 17 0 frame4
1046 164 52 52 23 20 0 frame5
1047 56 52 52 23 20 0 frame6
990 227 53 55 22 21 0 frame7
713 183 55 57 22 20 0 frame8
1965 864 80 80 8 6 0 frame9
1047 110 52 52 22 20 0 frame10
905 1623 57 57 20 18 0 frame11
1997 108 51 51 22 20 0 frame12
1100 164 52 52 22 20 0 frame13
1586 1561 58 58 19 18 0 frame14
1101 218 52 52 23 20 0 frame15
1466 1337 59 45 10 23 0 frame16
770 183 53 57 22 18 0 frame17
772 0 53 57 22 18 0 frame18
772 59 53 57 22 18 0 frame19
772 118 53 57 22 18 0 frame20
825 177 53 57 22 18 0 frame21
827 0 53 57 22 18 0 frame22
1646 1561 57 59 20 17 0 frame23
1586 1621 57 59 20 17 0 frame24
1705 1561 57 59 20 17 0 frame25
1646 1622 57 59 20 17 0 frame26
1705 1622 57 59 20 17 0 frame27
1764 1644 57 59 20 17 0 frame28
